1169
1172
1175
1178
1181
1184
1187
1190
1193
1196
1199
1202
1205
1208
1211
1214
1217
1220
1223
1226
1229
1232
1235
1238
1241
1244
1247
1250
1253
1256
1259
1262
1265
1268
1271
1274
1277
1280
1283
1286
1289
1292
1295
1298
1301
1304
1307
1310
1313
1316
1319
1322
1325
1328
1331
1334
1337
1340
1343
1346
1349
1352
1355
1358
1361
1364
1367
1370
1373
1376
1379
1382
1385
1388
1391
1394
1397
1400
1403
1406
1409
1412
1415
1418
1421
1424
1427
1430
1433
1436
1439
1442
1445
1448
1451
1454
1457
1460
1463
1466
1469
1472
1475
1478
1481
1484
1487
1490
1493
1496
1499
1502
1505
1508
1511
1514
1517
1520
1523
1526
1529
1532
1535
1538
1541
1544
1547
1550
1553
1556
1559
1562
1565
1568
1571
1574
1577
1580
1583
1586
1589
1592
1595
1598
1601
1604
1607
1610
1613
1616
1619
1622
1625
1628
1631
1634
1637
1640
1643
1646
1649
1652
1655
1658
1661
1664
1667
1670
1673
1676
1679
1682
1685
1688
1691
1694
1697
1700
1703
1706
1709
1712
1715
1718
1721
1724
1727
1730
1733
1736
1739
1742
1745
1748
1751
1754
1757
1760
1763
1766
1769
1772
1775
1778
1781
1784
1787
1790
1793
1796
1799

